32 1 40 5
32 1 40 10
32 1 40 20
32 1 80 5
32 1 80 10
32 1 80 20
32 1 120 5
32 1 120 10
32 1 120 20
32 3 40 5
32 3 40 10
32 3 40 20
32 3 80 5
32 3 80 10
32 3 80 20
32 3 120 5
32 3 120 10
32 3 120 20
32 5 40 5
32 5 40 10
32 5 40 20
32 5 80 5
32 5 80 10
32 5 80 20
32 5 120 5
32 5 120 10
32 5 120 20
32 10 40 5
32 10 40 10
32 10 40 20
32 10 80 5
32 10 80 10
32 10 80 20
32 10 120 5
32 10 120 10
32 10 120 20
64 1 40 5
64 1 40 10
64 1 40 20
64 1 80 5
64 1 80 10
64 1 80 20
64 1 120 5
64 1 120 10
64 1 120 20
64 3 40 5
64 3 40 10
64 3 40 20
64 3 80 5
64 3 80 10
64 3 80 20
64 3 120 5
64 3 120 10
64 3 120 20
64 5 40 5
64 5 40 10
64 5 40 20
64 5 80 5
64 5 80 10
64 5 80 20
64 5 120 5
64 5 120 10
64 5 120 20
64 10 40 5
64 10 40 10
64 10 40 20
64 10 80 5
64 10 80 10
64 10 80 20
64 10 120 5
64 10 120 10
64 10 120 20
128 1 40 5
128 1 40 10
128 1 40 20
128 1 80 5
128 1 80 10
128 1 80 20
128 1 120 5
128 1 120 10
128 1 120 20
128 3 40 5
128 3 40 10
128 3 40 20
128 3 80 5
128 3 80 10
128 3 80 20
128 3 120 5
128 3 120 10
128 3 120 20
128 5 40 5
128 5 40 10
128 5 40 20
128 5 80 5
128 5 80 10
128 5 80 20
128 5 120 5
128 5 120 10
128 5 120 20
128 10 40 5
128 10 40 10
128 10 40 20
128 10 80 5
128 10 80 10
128 10 80 20
128 10 120 5
128 10 120 10
128 10 120 20
256 1 40 5
256 1 40 10
256 1 40 20
256 1 80 5
256 1 80 10
256 1 80 20
256 1 120 5
256 1 120 10
256 1 120 20
256 3 40 5
256 3 40 10
256 3 40 20
256 3 80 5
256 3 80 10
256 3 80 20
256 3 120 5
256 3 120 10
256 3 120 20
256 5 40 5
256 5 40 10
256 5 40 20
256 5 80 5
256 5 80 10
256 5 80 20
256 5 120 5
256 5 120 10
256 5 120 20
256 10 40 5
256 10 40 10
256 10 40 20
256 10 80 5
256 10 80 10
256 10 80 20
256 10 120 5
256 10 120 10
256 10 120 20
